l= .002;
r= 10;
c= .00001;
vin= 32;
d=.4;
L= .002;
R= 10;
C= .0001;
Uin= 32;
u=12.8;